Wartoci błędów mse dla każdej z siatek:
0.018727 0.087112 0.128841 0.028173 0.099877 0.111273 0.103484 0.140783 0.335061 0.053446 
0.097986 0.188518 0.016009 0.078314 0.141244 0.026412 0.089831 0.124451 0.382279 0.139106 
0.268071 0.048115 0.092238 0.197045 0.013480 0.075611 0.154004 0.018151 0.087696 0.129028 
0.027927 0.102191 0.111236 0.115597 0.152401 0.336034 0.296320 0.098367 0.188728 0.015740 
0.078857 0.141312 0.026305 0.091791 0.124541 0.382278 0.139374 0.268308 0.048254 0.092404 
0.197132 0.013177 0.076126 0.153939 0.018728 0.088046 0.128716 0.027725 0.103938 0.111198 
0.124945 0.161261 0.335963 0.296320 0.098366 0.188307 0.016010 0.079619 0.141108 0.026213 
0.092772 0.124450 0.382278 0.139643 0.268308 0.048114 0.092904 0.196870 0.013177 0.076643 
0.153876 0.794206 
Minimalny błęd mse: 0.013177
Wektor Y,X z wszystkimi danymi najlepszego dopasowania:
5.000000000 250.000000000 0.700000000 0.500000000 0.250000000 0.750004815 0.000000000 0.010233383 0.019946459 0.029158337 0.037887505 0.046151844 0.053968651 0.061354652 0.068326027 
0.074898421 0.081086962 0.086906278 0.092370515 0.097493345 0.102287989 0.106767226 0.110943406 0.114828469 0.118433952 0.121771005 0.124850403 0.127682556 0.130277521 0.132645015 
0.134794424 0.136734813 0.138474938 0.140023254 0.141387926 0.142576836 0.143597597 0.144457553 0.145163797 0.145723173 0.146142284 0.146427503 0.146584979 0.146620643 0.146540216 
0.146349214 0.146052959 0.145656580 0.145165023 0.144583055 0.143915269 0.143166095 0.142339796 0.141440482 0.140472111 0.139438494 0.138343302 0.137190067 0.135982189 0.134722941 
0.133415471 0.132062809 0.130667865 0.129233442 0.127762232 0.126256823 0.124719700 0.123153252 0.121559775 0.119941469 0.118300450 0.116638747 0.114958306 0.113260994 0.111548600 
0.109822841 0.108085359 0.106337730 0.104581460 0.102817992 0.101048705 0.099274921 0.097497899 0.095718846 0.093938913 0.092159198 0.090380750 0.088604568 0.086831605 0.085062767 
0.083298918 0.081540880 0.079789433 0.078045317 0.076309238 0.074581861 0.072863819 0.071155710 0.069458100 0.067771523 0.066096483 0.064433454 0.062782884 0.061145193 0.059520774 
0.057909996 
0.000000000 0.000000000 0.000000000 0.000000000 0.000000000 0.000000000 0.000000000 0.031054468 0.061234311 0.090564244 0.119068275 0.146769722 0.173691232 0.199854805 0.225281807 
0.249992995 0.274008528 0.297347988 0.320030398 0.342074234 0.363497446 0.384317469 0.404551240 0.424215212 0.443325367 0.461897233 0.479945892 0.497485999 0.514531787 0.531097088 
0.547195336 0.562839586 0.578042517 0.592816452 0.607173361 0.621124875 0.634682292 0.647856592 0.660658444 0.673098211 0.685185964 0.696931491 0.708344298 0.719433627 0.730208454 
0.740677504 0.750849254 0.760731943 0.770333577 0.779661935 0.788724578 0.797528852 0.806081899 0.814390657 0.822461871 0.830302095 0.837917700 0.845314877 0.852499644 0.859477849 
0.866255177 0.872837155 0.879229152 0.885436390 0.891463943 0.897316744 0.902999588 0.908517137 0.913873920 0.919074345 0.924122691 0.929023124 0.933779689 0.938396322 0.942876848 
0.947224987 0.951444354 0.955538464 0.959510738 0.963364497 0.967102975 0.970729314 0.974246569 0.977657711 0.980965631 0.984173137 0.987282963 0.990297765 0.993220128 0.996052564 
0.998797518 1.001457367 1.004034422 1.006530932 1.008949085 1.011291006 1.013558766 1.015754376 1.017879795 1.019936926 1.021927621 1.023853684 1.025716866 1.027518873 1.029261363 
1.030945951 
