Wartoci błędów mse dla każdej z siatek:
0.138548 0.158272 0.154730 0.152971 0.142914 0.136072 0.142310 0.128082 0.118146 0.166193 
0.160110 0.159428 0.158417 0.149211 0.146093 0.150848 0.138622 0.133176 0.167639 0.163996 
0.161374 0.161291 0.155041 0.150448 0.155114 0.146327 0.139833 0.166443 0.163975 0.162568 
0.160866 0.156125 0.152986 0.155369 0.148412 0.143595 0.167961 0.166443 0.166258 0.164011 
0.160866 0.159428 0.160113 0.155369 0.151485 0.169076 0.168567 0.166443 0.165849 0.162745 
0.160866 0.162664 0.158248 0.155369 0.171448 0.165007 0.166697 0.167680 0.159746 0.160232 
0.163948 0.154546 0.153854 0.167665 0.167936 0.167927 0.165023 0.164193 0.163342 0.162404 
0.160487 0.158807 0.171061 0.169469 0.169095 0.168891 0.166405 0.165343 0.166740 0.163369 
0.161628 
Minimalny błęd mse: 0.118146
Wektor Y,X z wszystkimi danymi najlepszego dopasowania:
3.000000000 5.000000000 0.000500000 0.150000000 0.003000000 0.001090491 0.000000000 0.000741980 0.002960479 0.006638890 0.011753427 0.018273245 0.026160599 0.035371020 0.045853528 
0.057550865 0.070399758 0.084331202 0.099270770 0.115138939 0.131851448 0.149319661 0.167450953 0.186149118 0.205314783 0.224845832 0.244637853 0.264584581 0.284578357 0.304510585 
0.324272195 0.343754113 0.362847720 0.381445316 0.399440579 0.416729013 0.433208398 0.448779218 0.463345086 0.476813156 0.489094513 0.500104559 0.509763367 0.517996027 0.524732969 
0.529910259 0.533469878 0.535359975 0.535535096 0.533956386 0.530591766 0.525416078 0.518411213 0.509566197 0.498877259 0.486347868 0.471988739 0.455817809 0.437860190 0.418148090 
0.396720705 0.373624086 0.348910979 0.322640634 0.294878597 0.265696469 0.235171648 0.203387041 0.170430765 0.136395818 0.101379734 0.065484227 0.028814806 -0.008519608 -0.046407095 
-0.084733149 -0.123381102 -0.162232559 -0.201167842 -0.240066428 -0.278807402 -0.317269902 -0.355333572 -0.392879002 -0.429788170 -0.465944881 -0.501235195 -0.535547841 -0.568774629 -0.600810845 
-0.631555633 -0.660912361 -0.688788970 -0.715098309 -0.739758443 -0.762692952 -0.783831194 -0.803108559 -0.820466693 -0.835853696 -0.849224303 -0.860540028 -0.869769296 -0.876887534 -0.881877249 
-0.884728067 
0.000000000 0.000000000 0.000000000 0.000000000 0.000000000 0.000000000 0.000000000 0.001237156 0.004939615 0.011087684 0.019653521 0.030601259 0.043887173 0.059459863 0.077260475 
0.097222943 0.119274263 0.143334786 0.169318542 0.197133579 0.226682331 0.257862000 0.290564956 0.324679159 0.360088591 0.396673703 0.434311874 0.472877874 0.512244346 0.552282281 
0.592861507 0.633851173 0.675120239 0.716537957 0.757974359 0.799300725 0.840390059 0.881117545 0.921360995 0.961001288 0.999922790 1.038013761 1.075166740 1.111278923 1.146252505 
1.179995011 1.212419604 1.243445365 1.272997551 1.301007826 1.327414469 1.352162549 1.375204079 1.396498137 1.416010961 1.433716015 1.449594025 1.463632987 1.475828148 1.486181955 
1.494703978 1.501410806 1.506325916 1.509479510 1.510908335 1.510655473 1.508770105 1.505307259 1.500327528 1.493896776 1.486085815 1.476970076 1.466629250 1.455146926 1.442610208 
1.429109323 1.414737217 1.399589149 1.383762265 1.367355180 1.350467549 1.333199639 1.315651902 1.297924542 1.280117100 1.262328030 1.244654286 1.227190926 1.210030711 1.193263726 
1.176977013 1.161254217 1.146175242 1.131815938 1.118247791 1.105537645 1.093747433 1.082933945 1.073148599 1.064437253 1.056840031 1.050391175 1.045118924 1.041045420 1.038186634 
1.036552323 
